09016336131
09023558626
09026322290
09033030825
09053744206
09056266282
09100598316
09101717230
09109090924
09111713743
09117882421
09119871525
09120153508
09120169708
09120209920
09120788925
09121791678
09121873941
09122053424
09122053538
09122104885
09122256242
09122273090
09122379871
09122579887
09122756990
09122790276
09123033437
09123053721
09123150673
09123437896
09123719937
09123762231
09123782320
09124189634
09124404861
09124590739
09125052171
09125117689
09125876636
09125945221
09126159780
09126547414
09127233731
09127241025
09128408757
09128870456
09129317217
09129368201
09129486103
09129570108
09150659028
09171178243
09194855535
09198136986
09214912417
09301967040
09331612000
09351047475
09351135089
09351755562
09356293553
09356531537
09365113922
09370227593
09388581261
09389970607
09392487237
09392819181
09930803361
09013010422
09020162878
09050705198
09053403560
09101445139
09103535835
09105656047
09109874189
09109912065
09120751560
09121398225
09121494861
09121949109
09122170722
09122466478
09122509691
09122725137
09123853457
09126044680
09126717842
09127697980
09128442454
09128481373
09133103684
09136539346
09137938208
09171170205
09176046855
09188619986
09193376190
09195829390
09197787328
09307652506
09331616868
09331813967
09339465859
09354108882
09354858068
09356722588
09360106221
09365503518
09380481937
09381002216
09384146441
09903835809
09911236553
09925102183
09398857331
09136019247
09921606825
09056157031
09376493151
09031470077
09104690940
09388881988
09120448528
09179248001
09387767103
09121243677
09398011560
09105675960
09388696387
09037777334
09037444985
09381273333
09172001922
09123680240
09037119506
09195097656
09938006099
09126604543
09174756456
09913875683
09201075365
09100685695
09115783384
09193692363
09109875683
09125218534
09358765202
09198130705
09123778888
09126430014
09122071662
09123269000
09128897562
09120844876
09194708619
09121020373
09016102044
09121127087
09395618724
09198053769
09308260406
09013302343
09195336240
09394950083
09333275000
09123352463
09127256085
09124800672
09121157932
09123408624
09122178801
09122832095
09126369538
09127127457
09332786725
09122019454
09016215196
09122875773
09338080272
09124119784
09121900900
09121010733
09126900248
09125122563
09123711913
09191007959
09121983994
09174875376
09190405206
09126762402
09123147187
09121319102
09196400366
09196023025
09226199015
09903969700
09329572350
09123018967
09124306616
09124442739
09120758533
09198192300
09194268638
09121482251
09182303874
09125958554
09126061637
09388881356
09127328152
09124352656
09125779737
09123501387
09121853542
09124859210
09122966478
09125236893
09106562535
09122160110
09128110982
09121937347
09123661714
09120273701
09120319538
09194590796
09120964630
09123196612
09926689533
09127788529
09123004686
09126280958
09122481770
09125544047
09388606023
09122155638
09022525565
09128665647
09196277859
09129378607
09124501704
09347696424
09121904797
09353608353
09216346450
09128107734
09125109725
09102590716
09912659858
09126484102
09016063626
09126012339
09148787735
09121168298
09122806912
09128893204
09374202810
09126439577
09224363956
09126094429
09927195711
09351173477
09909600566
09193141945
09127189511
09113225055
09109345587
09128709075
09037078321
09358310130
09396551515
09126947086
09123308206
09193931674
09121815129
09123704628
09120248046
09123469535
09121583836
09122182968
09013551262
09104994865
09121252343
09395747251
09369614319
09125469327
09128198938
09108662058
09121173410
09126948089
09122454552
09122004281
09199554080
09121055508
09108159525
09999963906
09215349356
09191100374
09198172290
09398832460
09129274859
09123945309
09369133354
09369052087
09124305547
09123263163
09911606615
09120244168
09127694424
09376228092
09109020456
09365059276
09128182304
09355933768
09192680562
09125472569
09122589974
09921252495
09122777245
09197248380
09121235137
09386166150
09127369421
09120347116
09307777461
09379646498
09306804676
09123592565
09129550766
09397919020
09124950900
09122178060
09394258558
09331470124
09194081587
09123020355
09196209795
09121541773
09127997195
09915533507
09386971915
09391583836
09211208511
09121535564
09198180800
09358758913
09187045542
09359272240
09021660276
09121796408
09122275327
09122975241
09125303822
09123009369
09386042774
09013778039
09128735313
09122728645
09125980966
09129438471
09129213061
09129746602
09124255805
09123197608
09010990084
09022700604
09129239470
09383720064
09198220702
09126476548
09129318186
09027798898
09307804962
09191015405
09383202891
09193375982
09362331337
09393968960
09123709231
09126945812
09055455033
09105958556
09126001237
09220691121
09393402857
09308319608
09121836864
09191135319
09190185496
